3 128 0.1 tanh glorot 256 512 0.09948470744680851 0.09760680379746836
3 128 0.1 linear glorot 256 512 0.09948470744680851 0.09760680379746836
3 128 0.1 linear glorot 512 512 0.09948470744680851 0.09760680379746836
3 128 0.1 linear glorot 512 1024 0.09948470744680851 0.09760680379746836
3 128 0.1 tanh glorot 512 512 0.09948470744680851 0.09760680379746836
3 512 0.1 linear glorot 256 512 0.099365234375 0.09802964154411765
3 256 0.1 linear glorot 256 512 0.09948470744680851 0.09716796875
3 256 0.1 tanh glorot 512 512 0.09948470744680851 0.09716796875
3 256 0.1 tanh glorot 512 1024 0.09948470744680851 0.09716796875
3 512 0.1 linear glorot 512 512 0.099365234375 0.09802964154411765
3 256 0.1 sigmoid glorot 256 512 0.09561407674772035 0.11376953125
3 256 0.1 linear glorot 512 512 0.09948470744680851 0.09716796875
3 256 0.1 tanh glorot 256 512 0.09948470744680851 0.09716796875
3 512 0.1 linear glorot 512 1024 0.099365234375 0.09802964154411765
4 512 0.1 sigmoid glorot 256 512 0.10358537946428571 0.11359719669117647
3 256 0.1 linear glorot 512 1024 0.09948470744680851 0.09716796875
6 256 0.1 sigmoid glorot 512 1024 0.09561407674772035 0.11376953125
4 256 0.1 sigmoid glorot 512 512 0.09752564589665652 0.09716796875
3 512 0.1 tanh glorot 256 512 0.099365234375 0.09802964154411765
3 512 0.1 tanh glorot 512 512 0.099365234375 0.09802964154411765
3 128 0.1 tanh glorot 512 1024 0.09948470744680851 0.09760680379746836
5 512 0.1 sigmoid glorot 512 512 0.09585425967261905 0.1033203125
18 128 0.1 sigmoid glorot 512 512 0.968500664893617 0.9724090189873418
3 128 0.01 linear glorot 256 512 0.09948470744680851 0.09760680379746836
3 512 0.1 tanh glorot 512 1024 0.099365234375 0.09802964154411765
3 128 0.01 linear glorot 512 1024 0.09948470744680851 0.09760680379746836
3 128 0.01 linear glorot 512 512 0.09948470744680851 0.09760680379746836
4 512 0.1 sigmoid glorot 512 1024 0.10358537946428571 0.11359719669117647
16 128 0.1 sigmoid glorot 512 1024 0.9724900265957447 0.971123417721519
3 256 0.01 linear glorot 256 512 0.09948470744680851 0.09716796875
3 256 0.01 linear glorot 512 1024 0.09948470744680851 0.09716796875
3 256 0.01 linear glorot 512 512 0.09948470744680851 0.09716796875
31 128 0.1 sigmoid glorot 256 512 0.975925310283688 0.9783425632911392
6 128 0.01 tanh glorot 512 512 0.09560616134751772 0.10235363924050633
3 512 0.01 linear glorot 256 512 0.099365234375 0.09802964154411765
5 128 0.01 tanh glorot 512 1024 0.0999002659574468 0.11362737341772151
11 128 0.01 tanh glorot 256 512 0.9610206117021277 0.9579707278481012
3 256 0.01 tanh glorot 512 512 0.09948470744680851 0.09716796875
3 256 0.01 tanh glorot 512 1024 0.09948470744680851 0.09716796875
5 256 0.01 tanh glorot 256 512 0.09948470744680851 0.1015625
3 512 0.01 linear glorot 512 512 0.099365234375 0.09802964154411765
3 512 0.01 linear glorot 512 1024 0.099365234375 0.09802964154411765
3 512 0.01 tanh glorot 512 512 0.099365234375 0.09802964154411765
3 512 0.01 tanh glorot 256 512 0.099365234375 0.09802964154411765
3 512 0.01 tanh glorot 512 1024 0.099365234375 0.09802964154411765
11 128 0.001 linear glorot 512 512 0.9242298315602837 0.9180181962025317
17 128 0.001 linear glorot 256 512 0.9257535460992907 0.9187104430379747
35 512 0.01 sigmoid glorot 256 512 0.9740048363095238 0.9740866268382353
14 128 0.001 linear glorot 512 1024 0.9226784131205673 0.9179193037974683
58 256 0.01 sigmoid glorot 256 512 0.97803476443769 0.98017578125
19 256 0.001 linear glorot 256 512 0.9246176861702128 0.9193359375
13 256 0.001 linear glorot 512 512 0.9244633358662614 0.92001953125
46 128 0.01 sigmoid glorot 256 512 0.9780585106382979 0.9792325949367089
62 512 0.01 sigmoid glorot 512 512 0.9795038132440476 0.9797162224264706
41 128 0.01 sigmoid glorot 512 512 0.9751496010638298 0.9770569620253164
15 256 0.001 linear glorot 512 1024 0.9252113411854103 0.9203125
33 128 0.001 tanh glorot 256 512 0.9724900265957447 0.9762658227848101
42 128 0.01 sigmoid glorot 512 1024 0.9745955230496455 0.9767602848101266
40 128 0.001 tanh glorot 512 512 0.9760084219858156 0.9784414556962026
49 256 0.01 sigmoid glorot 512 1024 0.9765268806990882 0.9771484375
39 512 0.01 sigmoid glorot 512 1024 0.9735165550595238 0.9723403033088236
18 512 0.001 linear glorot 256 512 0.92529296875 0.9183076746323529
53 256 0.01 sigmoid glorot 512 512 0.9773579977203648 0.97958984375
18 512 0.001 linear glorot 512 512 0.9248860677083334 0.9191636029411765
87 128 0.001 sigmoid glorot 256 512 0.9663674645390071 0.9652887658227848
19 512 0.001 linear glorot 512 1024 0.9251302083333334 0.9181985294117647
36 128 0.001 tanh glorot 512 1024 0.9738752216312057 0.9759691455696202
60 256 0.001 tanh glorot 256 512 0.9770255509118542 0.97705078125
53 256 0.001 tanh glorot 512 1024 0.9763606572948329 0.977734375
50 256 0.001 tanh glorot 512 512 0.97803476443769 0.97861328125
109 256 0.001 sigmoid glorot 256 512 0.967301481762918 0.9701171875
47 512 0.001 tanh glorot 512 512 0.9774693080357143 0.9768841911764706
114 128 0.001 sigmoid glorot 512 512 0.9662843528368795 0.9664754746835443
45 512 0.001 tanh glorot 512 1024 0.9749232700892857 0.9770795036764707
47 512 0.001 tanh glorot 256 512 0.9763299851190476 0.9776194852941176
129 512 0.001 sigmoid glorot 256 512 0.9719819568452381 0.9708524816176471
132 256 0.001 sigmoid glorot 512 512 0.9682394566869301 0.9689453125
139 128 0.001 sigmoid glorot 512 1024 0.9696919326241136 0.9705300632911392
139 512 0.001 sigmoid glorot 512 1024 0.9696568080357143 0.9685087316176471
135 512 0.001 sigmoid glorot 512 512 0.9700869605654762 0.9682272518382353
144 256 0.001 sigmoid glorot 512 1024 0.9704597264437691 0.971484375
