0 8 0.1 linear glorot 64 128 0.0995 0.098 71.1047682762146
0 8 0.1 linear glorot 128 128 0.0995 0.098 86.00410962104797
0 128 0.1 tanh glorot 64 128 0.09948470744680851 0.09760680379746836 40.75702929496765
0 128 0.1 tanh glorot 128 128 0.09948470744680851 0.09760680379746836 42.04815745353699
9 128 0.1 sigmoid glorot 128 128 0.969248670212766 0.9698378164556962 140.42294597625732
2 8 0.1 tanh glorot 128 128 0.8156666666666667 0.8149 139.9545443058014
9 8 0.1 sigmoid glorot 64 128 0.96475 0.9636 144.00931763648987
0 8 0.1 linear glorot 256 512 0.0995 0.098 142.25196290016174
3 128 0.1 sigmoid glorot 512 1024 0.10352947695035461 0.10235363924050633 128.5049512386322
0 128 0.1 tanh glorot 256 512 0.09948470744680851 0.09760680379746836 53.26343393325806
0 128 0.1 linear glorot 64 128 0.09948470744680851 0.09760680379746836 21.5412278175354
0 8 0.1 tanh glorot 256 512 0.0995 0.6565 187.67682313919067
0 128 0.1 linear glorot 128 128 0.09948470744680851 0.09760680379746836 41.2782187461853
0 256 0.1 sigmoid glorot 64 128 0.1060030395136778 0.11376953125 43.80626821517944
0 128 0.1 tanh glorot 512 1024 0.09948470744680851 0.09760680379746836 72.60398745536804
0 128 0.1 linear glorot 256 512 0.09948470744680851 0.09760680379746836 58.7234902381897
0 128 0.1 linear glorot 512 1024 0.09948470744680851 0.09760680379746836 63.92029023170471
1 256 0.1 sigmoid glorot 128 128 0.1060030395136778 0.11376953125 56.610130071640015
0 256 0.1 sigmoid glorot 512 1024 0.09891479863221884 0.11376953125 37.39066767692566
0 256 0.1 tanh glorot 64 128 0.09948470744680851 0.09716796875 41.87264037132263
3 256 0.1 sigmoid glorot 256 512 0.1060030395136778 0.11376953125 74.0669949054718
17 128 0.1 sigmoid glorot 256 512 0.9728778812056738 0.9749802215189873 256.83530831336975
0 256 0.1 tanh glorot 128 128 0.09948470744680851 0.09716796875 41.38790702819824
16 8 0.1 tanh glorot 64 128 0.8781666666666667 0.8818 265.400324344635
0 256 0.1 linear glorot 64 128 0.09948470744680851 0.09716796875 37.39749050140381
0 256 0.1 linear glorot 128 128 0.09948470744680851 0.09716796875 38.67345356941223
0 256 0.1 tanh glorot 256 512 0.09948470744680851 0.09716796875 54.93648386001587
0 256 0.1 tanh glorot 512 1024 0.09948470744680851 0.09716796875 63.26613664627075
0 512 0.1 sigmoid glorot 128 128 0.09963262648809523 0.11359719669117647 22.174904346466064
0 256 0.1 linear glorot 256 512 0.09948470744680851 0.09716796875 48.17662215232849
0 512 0.1 sigmoid glorot 64 128 0.09126209077380952 0.11359719669117647 36.68552279472351
28 128 0.1 sigmoid glorot 64 128 0.9409906914893617 0.9461036392405063 313.1867482662201
18 8 0.1 sigmoid glorot 128 128 0.9714166666666667 0.975 317.56543016433716
2 512 0.1 sigmoid glorot 256 512 0.09585425967261905 0.1033203125 42.00264310836792
0 512 0.1 tanh glorot 128 128 0.099365234375 0.09802964154411765 34.816213846206665
0 512 0.1 tanh glorot 64 128 0.099365234375 0.09802964154411765 47.00257420539856
0 256 0.1 linear glorot 512 1024 0.09948470744680851 0.09716796875 62.77406072616577
0 512 0.1 sigmoid glorot 512 1024 0.09772600446428571 0.11359719669117647 65.84031844139099
0 1024 0.1 sigmoid glorot 256 512 0.09554036458333333 0.09805086096938775 27.544155836105347
0 1024 0.1 tanh glorot 128 128 0.09942892323369566 0.09818439094387756 22.880831003189087
1 1024 0.1 sigmoid glorot 128 128 0.10349439538043477 0.10105428890306123 45.12889647483826
0 512 0.1 linear glorot 64 128 0.099365234375 0.09802964154411765 39.923439502716064
0 512 0.1 tanh glorot 256 512 0.099365234375 0.09802964154411765 58.253154277801514
0 512 0.1 tanh glorot 512 1024 0.099365234375 0.09802964154411765 61.062663316726685
0 512 0.1 linear glorot 128 128 0.099365234375 0.09802964154411765 37.64856791496277
0 1024 0.1 linear glorot 128 128 0.09942892323369566 0.09818439094387756 34.59819054603577
0 512 0.1 linear glorot 256 512 0.099365234375 0.09802964154411765 45.47942781448364
0 1024 0.1 tanh glorot 256 512 0.09942892323369566 0.09818439094387756 51.26262378692627
0 1024 0.1 linear glorot 64 128 0.09942892323369566 0.09818439094387756 41.82611346244812
0 8 0.1 linear glorot 512 1024 0.0995 0.098 326.4632468223572
0 1024 0.1 tanh glorot 512 1024 0.09942892323369566 0.09818439094387756 37.189213275909424
0 1024 0.1 linear glorot 512 1024 0.09942892323369566 0.09818439094387756 27.546189069747925
0 1024 0.1 linear glorot 256 512 0.09942892323369566 0.09818439094387756 45.09868574142456
2 1024 0.1 sigmoid glorot 512 1024 0.09975090579710144 0.10305125956632652 79.83010935783386
0 8 0.1 tanh glorot 512 1024 0.0995 0.7453 405.9400792121887
0 512 0.1 linear glorot 512 1024 0.099365234375 0.09802964154411765 55.078408002853394
0 1024 0.1 tanh glorot 64 128 0.09942892323369566 0.09818439094387756 39.57399296760559
5 1024 0.1 sigmoid glorot 64 128 0.1058402683423913 0.10305125956632652 82.87753939628601
8 128 0.01 tanh glorot 64 128 0.9654255319148937 0.9689477848101266 108.71668481826782
3 128 0.01 tanh glorot 256 512 0.09560616134751772 0.11362737341772151 86.98901224136353
27 128 0.01 sigmoid glorot 128 128 0.9752327127659575 0.9771558544303798 139.00771594047546
18 128 0.01 sigmoid glorot 64 128 0.9705230496453902 0.9698378164556962 168.51843309402466
0 128 0.01 linear glorot 64 128 0.09948470744680851 0.09760680379746836 39.90192723274231
0 128 0.01 linear glorot 256 512 0.09948470744680851 0.09760680379746836 25.382523775100708
0 128 0.01 linear glorot 128 128 0.09948470744680851 0.09760680379746836 47.19741177558899
6 128 0.01 tanh glorot 512 1024 0.9565879875886524 0.9591574367088608 162.04620170593262
16 128 0.01 tanh glorot 128 128 0.9757313829787234 0.9752768987341772 189.46871876716614
0 256 0.01 tanh glorot 64 128 0.0998290273556231 0.11376953125 37.88566040992737
0 128 0.01 linear glorot 512 1024 0.09948470744680851 0.09760680379746836 64.215656042099
13 8 0.01 linear glorot 64 128 0.8880833333333333 0.886 250.08664536476135
25 8 0.1 sigmoid glorot 256 512 0.9805 0.9819 692.0938684940338
0 256 0.01 linear glorot 64 128 0.09948470744680851 0.09716796875 43.417218923568726
19 256 0.01 sigmoid glorot 64 128 0.9703647416413373 0.9716796875 97.5008316040039
2 256 0.01 tanh glorot 256 512 0.09561407674772035 0.10185546875 54.905853509902954
0 256 0.01 linear glorot 128 128 0.09948470744680851 0.09716796875 43.9418420791626
0 256 0.01 linear glorot 256 512 0.09948470744680851 0.09716796875 47.0744354724884
1 256 0.01 tanh glorot 128 128 0.0998290273556231 0.11376953125 50.38268327713013
0 256 0.01 tanh glorot 512 1024 0.09948470744680851 0.09716796875 51.458558320999146
21 8 0.01 sigmoid glorot 64 128 0.9721666666666666 0.9699 400.3976426124573
0 256 0.01 linear glorot 512 1024 0.09948470744680851 0.09716796875 71.97145867347717
2 512 0.01 tanh glorot 128 128 0.09126209077380952 0.11359719669117647 52.58723783493042
21 8 0.01 tanh glorot 64 128 0.97375 0.9741 418.6305310726166
0 512 0.01 tanh glorot 256 512 0.099365234375 0.09802964154411765 38.74445724487305
27 8 0.01 sigmoid glorot 128 128 0.97525 0.9772 422.81646752357483
8 512 0.01 tanh glorot 64 128 0.09963262648809523 0.11359719669117647 74.33456110954285
19 512 0.01 sigmoid glorot 64 128 0.9692266555059524 0.9651999080882353 95.49097657203674
17 8 0.01 tanh glorot 128 128 0.9765 0.9777 444.0296232700348
0 512 0.01 linear glorot 256 512 0.099365234375 0.09802964154411765 23.21933102607727
0 512 0.01 tanh glorot 512 1024 0.099365234375 0.09802964154411765 62.159832239151
0 512 0.01 linear glorot 128 128 0.099365234375 0.09802964154411765 40.39780139923096
0 512 0.01 linear glorot 64 128 0.099365234375 0.09802964154411765 44.671050786972046
0 512 0.01 linear glorot 512 1024 0.099365234375 0.09802964154411765 46.856245279312134
20 8 0.01 linear glorot 128 128 0.8905833333333333 0.8877 480.2033383846283
0 1024 0.01 tanh glorot 64 128 0.09942892323369566 0.09818439094387756 37.282172203063965
36 512 0.01 sigmoid glorot 128 128 0.9752952938988094 0.9778377757352942 171.18934798240662
0 1024 0.01 tanh glorot 128 128 0.09942892323369566 0.09818439094387756 45.831364154815674
0 1024 0.01 tanh glorot 256 512 0.09942892323369566 0.09818439094387756 46.37853217124939
0 1024 0.01 linear glorot 128 128 0.09942892323369566 0.09818439094387756 20.420920610427856
0 1024 0.01 tanh glorot 512 1024 0.09942892323369566 0.09818439094387756 57.82162022590637
0 1024 0.01 linear glorot 64 128 0.09942892323369566 0.09818439094387756 42.059340476989746
0 1024 0.01 linear glorot 256 512 0.09942892323369566 0.09818439094387756 40.825249910354614
0 1024 0.01 linear glorot 512 1024 0.09942892323369566 0.09818439094387756 53.53612303733826
46 256 0.01 sigmoid glorot 128 128 0.9770255509118542 0.9798828125 376.8045930862427
45 128 0.01 sigmoid glorot 512 1024 0.9756482712765957 0.9766613924050633 566.9014685153961
36 1024 0.01 sigmoid glorot 128 128 0.9762192878170289 0.975926737882653 166.8916585445404
50 128 0.01 sigmoid glorot 256 512 0.9792774822695035 0.9807159810126582 581.6770482063293
38 1024 0.01 sigmoid glorot 64 128 0.967727439990942 0.9699178890306122 225.44997668266296
15 8 0.01 linear glorot 256 512 0.8865 0.8842 678.5713045597076
39 1024 0.01 sigmoid glorot 512 1024 0.9732082201086957 0.973891900510204 266.9275724887848
36 256 0.01 sigmoid glorot 256 512 0.9752089665653496 0.97998046875 456.05025124549866
42 512 0.01 sigmoid glorot 256 512 0.9770624069940476 0.9772977941176471 395.68306612968445
8 8 0.001 linear glorot 64 128 0.9245833333333333 0.9186 180.49135208129883
17 8 0.01 tanh glorot 256 512 0.97875 0.9805 806.363352060318
8 8 0.001 linear glorot 128 128 0.9240833333333334 0.9187 276.5044975280762
25 128 0.001 tanh glorot 64 128 0.9697196365248226 0.9716178797468354 140.7745440006256
9 128 0.001 linear glorot 64 128 0.9238142730496455 0.9192049050632911 103.90940880775452
49 256 0.01 sigmoid glorot 512 1024 0.9771799012158054 0.978515625 721.2677314281464
32 8 0.001 tanh glorot 64 128 0.9704166666666667 0.9725 424.95081090927124
68 1024 0.01 sigmoid glorot 256 512 0.9779070425724637 0.9805165816326531 556.4686317443848
13 128 0.001 linear glorot 256 512 0.9249224290780141 0.9187104430379747 91.70335674285889
12 8 0.001 linear glorot 256 512 0.9238333333333333 0.9191 472.23349142074585
28 128 0.001 tanh glorot 128 128 0.9734319592198583 0.9745846518987342 350.55968022346497
20 128 0.001 linear glorot 128 128 0.9235926418439716 0.9187104430379747 217.83878993988037
113 128 0.001 sigmoid glorot 64 128 0.9693594858156029 0.9701344936708861 512.576628446579
12 128 0.001 linear glorot 512 1024 0.9231493794326242 0.918809335443038 203.16099786758423
42 128 0.001 tanh glorot 256 512 0.9758421985815603 0.9767602848101266 456.39928579330444
14 8 0.01 linear glorot 512 1024 0.8864166666666666 0.8826 1284.6735079288483
37 256 0.001 tanh glorot 256 512 0.9743066109422492 0.9771484375 217.0813376903534
41 128 0.001 tanh glorot 512 1024 0.9750664893617021 0.9768591772151899 609.5175361633301
79 512 0.01 sigmoid glorot 512 1024 0.9792596726190476 0.9804974724264707 1045.8002653121948
24 8 0.1 sigmoid glorot 512 1024 0.98125 0.9806 1824.02885055542
36 8 0.001 tanh glorot 128 128 0.97525 0.9761 895.257532119751
109 256 0.001 sigmoid glorot 64 128 0.9703053761398177 0.9703125 468.41096115112305
32 256 0.001 tanh glorot 64 128 0.970697188449848 0.9732421875 347.9576003551483
32 256 0.001 tanh glorot 128 128 0.9756245250759878 0.9755859375 346.5863106250763
15 256 0.001 linear glorot 128 128 0.926042458206687 0.9208984375 84.09396696090698
18 256 0.001 linear glorot 64 128 0.9254606762917933 0.91962890625 90.2537932395935
105 128 0.001 sigmoid glorot 128 128 0.9700520833333333 0.9696400316455697 972.8502705097198
13 256 0.001 linear glorot 256 512 0.9253775645896656 0.9197265625 157.96481561660767
9 256 0.001 linear glorot 512 1024 0.9242140007598784 0.9193359375 161.78700375556946
127 256 0.001 sigmoid glorot 256 512 0.9708752849544073 0.97275390625 652.2253503799438
8 8 0.001 linear glorot 512 1024 0.9233333333333333 0.9182 1039.7186603546143
110 128 0.001 sigmoid glorot 256 512 0.9695534131205673 0.969442246835443 1060.2033746242523
42 8 0.01 sigmoid glorot 256 512 0.9775 0.979 1755.9895265102386
44 512 0.001 tanh glorot 128 128 0.9771437872023809 0.9778492647058824 202.43378829956055
49 256 0.001 tanh glorot 512 1024 0.9766218655015197 0.97841796875 606.32688331604
15 512 0.001 linear glorot 256 512 0.924560546875 0.9191636029411765 87.84910821914673
90 256 0.001 sigmoid glorot 128 128 0.9691299392097265 0.96845703125 775.8474600315094
15 512 0.001 linear glorot 512 1024 0.9239908854166666 0.9171243106617647 132.23780155181885
48 512 0.001 tanh glorot 256 512 0.9770856584821428 0.9767865349264706 262.8017911911011
16 512 0.001 linear glorot 128 128 0.9248046875 0.9188821231617647 163.47270822525024
22 512 0.001 linear glorot 64 128 0.9259440104166666 0.9180893841911765 213.69042873382568
0 1024 0.001 linear glorot 64 128 0.09942892323369566 0.09818439094387756 36.229783058166504
38 512 0.001 tanh glorot 64 128 0.9715634300595238 0.9725241268382353 368.6341812610626
0 1024 0.001 linear glorot 128 128 0.09942892323369566 0.09818439094387756 36.99773931503296
0 1024 0.001 tanh glorot 512 1024 0.10349439538043477 0.10305125956632652 39.270472288131714
0 1024 0.001 linear glorot 512 1024 0.09942892323369566 0.09818439094387756 64.09479188919067
39 1024 0.001 tanh glorot 128 128 0.9740220221920289 0.9749581473214286 181.33528208732605
0 1024 0.001 linear glorot 256 512 0.09942892323369566 0.09818439094387756 47.794342279434204
120 512 0.001 sigmoid glorot 256 512 0.9711449032738094 0.9685431985294117 603.8158805370331
23 8 0.01 tanh glorot 512 1024 0.98 0.9822 2087.907011270523
37 1024 0.001 tanh glorot 64 128 0.9708658854166666 0.9715700733418368 294.31621384620667
102 1024 0.001 sigmoid glorot 128 128 0.9691073652626812 0.9691147161989797 455.20712065696716
53 512 0.001 tanh glorot 512 1024 0.9767601376488094 0.9786305147058825 644.7689039707184
45 1024 0.001 tanh glorot 256 512 0.9675328351449276 0.966567681760204 437.4517481327057
85 1024 0.001 sigmoid glorot 64 128 0.966552734375 0.9640066964285714 491.4247930049896
43 8 0.001 tanh glorot 256 512 0.97475 0.9767 2028.574081659317
122 8 0.001 sigmoid glorot 64 128 0.9705 0.9706 2058.87540435791
130 512 0.001 sigmoid glorot 64 128 0.9705519903273809 0.9701459099264707 1113.8350076675415
100 1024 0.001 sigmoid glorot 256 512 0.9677769757699276 0.9658621651785714 862.6629226207733
103 8 0.001 sigmoid glorot 128 128 0.9700833333333333 0.9696 2196.8773787021637
130 512 0.001 sigmoid glorot 128 128 0.9730166480654762 0.9730755974264707 1287.1534235477448
170 1024 0.001 sigmoid glorot 512 1024 0.9703245301177535 0.9688516422193878 1120.2879028320312
166 256 0.001 sigmoid glorot 512 1024 0.9723000569908815 0.972265625 1864.2120144367218
151 128 0.001 sigmoid glorot 512 1024 0.9715480939716311 0.9723101265822784 2588.059403181076
146 512 0.001 sigmoid glorot 512 1024 0.9705519903273809 0.9698644301470589 1994.2045941352844
46 8 0.01 sigmoid glorot 512 1024 0.97775 0.978 3805.811160326004
40 8 0.001 tanh glorot 512 1024 0.9760833333333333 0.9785 3368.0967135429382
118 8 0.001 sigmoid glorot 256 512 0.9708333333333333 0.9695 4096.873037815094
